     0/299    0.761G    0.1101   0.07591   0.05722    0.2432        96       640         0         0         0         0    0.0592   0.07041   0.03745
     1/299       10G   0.09323   0.08507    0.0537     0.232        92       640         0         0         0         0   0.05058    0.0778    0.0353
     2/299       10G   0.08283   0.08537   0.04934    0.2175        75       640         0         0         0         0   0.04623    0.0778   0.03289
     3/299       10G   0.08098   0.08041   0.04535    0.2067        88       640         0         0         0         0   0.04444   0.07535   0.03056
     4/299       10G   0.07941   0.08047   0.04141    0.2013       104       640         0         0  0.006981  0.001054   0.04366   0.07244   0.02847
     5/299       10G   0.08237   0.07285    0.0387    0.1939       102       640         0         0  0.005931  0.001021   0.04384    0.0698   0.02672
     6/299       10G   0.08157   0.06919   0.03676    0.1875        77       640         0         0  0.007185  0.001229   0.04312   0.06979   0.02531
     7/299       10G   0.08152    0.0757   0.03471    0.1919        83       640         0         0   0.01243  0.001998    0.0437   0.06928   0.02422
     8/299       10G   0.08055   0.07546   0.03311    0.1891        93       640         0         0  0.006603   0.00108   0.04453   0.06812   0.02335
     9/299       10G   0.07844   0.07199   0.03114    0.1816        81       640         0         0   0.02082   0.00389   0.04418   0.06851   0.02272
    10/299       10G   0.07972   0.06887   0.02972    0.1783        89       640         0         0   0.03654   0.00532   0.04421   0.06716   0.02155
    11/299       10G   0.07755   0.06927   0.02808    0.1749        90       640         0         0   0.07489   0.01533   0.04558   0.06134   0.01962
    12/299       10G   0.07501   0.06455   0.02743     0.167        83       640   0.06073     0.123   0.04463  0.006009   0.05464   0.04168   0.01779
    13/299       10G   0.07347   0.06245   0.02608     0.162        66       640  0.007803    0.3279   0.00757  0.001064   0.05911   0.06763   0.02045
    14/299       10G   0.07176   0.06217   0.02486    0.1588        74       640   0.01161    0.7213   0.03012   0.00492   0.06008    0.1117   0.02234
    15/299       10G   0.06721   0.06106   0.02194    0.1502        84       640  0.007595    0.7869    0.0397  0.005576   0.06868    0.2031   0.02012
    16/299       10G   0.06771   0.06028   0.02185    0.1498       101       640  0.008133    0.7295   0.01336   0.00214   0.06871    0.1413   0.01684
    17/299       10G    0.0655   0.05744   0.01897    0.1419        73       640  0.008373    0.5164   0.01131  0.001601   0.07068   0.08576   0.01605
    18/299       10G   0.06392   0.05763   0.01665    0.1382        83       640   0.00496    0.3197   0.00441 0.0005327   0.06836    0.0744    0.0149
    19/299       10G   0.06043   0.05679   0.01446    0.1317        65       640   0.00349    0.3361  0.004262 0.0005702   0.06906   0.06962   0.01924
    20/299       10G   0.05851   0.05398   0.01179    0.1243        62       640  0.005921    0.4426   0.01809  0.002649   0.06204   0.08838   0.02587
    21/299       10G   0.05715   0.05569   0.01014     0.123        86       640   0.09041     0.418    0.1226   0.02482   0.04988   0.05088   0.02049
    22/299       10G   0.05791   0.05384  0.009815    0.1216        77       640    0.1424    0.5738    0.1245   0.02415   0.04381   0.05183   0.01072
    23/299       10G   0.05739   0.05854  0.007401    0.1233       102       640   0.05883     0.877    0.1738   0.03928   0.04503   0.06443  0.003428
    24/299       10G   0.05656   0.05348  0.006828    0.1169        75       640   0.05813    0.9754    0.3739    0.1195   0.03518   0.07618  0.001532
    25/299       10G   0.05697   0.05216  0.006732    0.1159        80       640    0.1274     0.959    0.5942    0.1433   0.03624   0.05504  0.001708
    26/299       10G   0.05439    0.0565  0.005982    0.1169       101       640    0.1188    0.9508    0.5415    0.1873   0.03038   0.05768  0.001386
    27/299       10G   0.05567   0.05477   0.00541    0.1159        98       640   0.04517    0.9672    0.2284   0.05798   0.03903   0.07602  0.001123
    28/299       10G   0.05637   0.05407  0.004795    0.1152       105       640   0.07787    0.9016    0.2522   0.04275   0.04195   0.05279  0.001578
    29/299       10G   0.05396   0.05452  0.003826    0.1123        90       640    0.2979    0.8667    0.4987    0.1881   0.02999    0.0466  0.001916
    30/299       10G   0.05432   0.05046  0.004708    0.1095        75       640     0.439    0.6557    0.5025    0.1387   0.03354   0.04772  0.003165
    31/299       10G   0.05264   0.05652  0.005371    0.1145        89       640    0.1708    0.9016    0.4028    0.1261   0.03182   0.04687  0.001373
    32/299       10G    0.0545   0.05294  0.003987    0.1114        76       640    0.2272     0.959     0.653    0.2132   0.03361   0.04163  0.001282
    33/299       10G   0.05119   0.05349  0.003606    0.1083        78       640    0.1265    0.7049    0.1712   0.04238   0.03569   0.05138  0.004609
    34/299       10G   0.05025   0.05449  0.002762    0.1075        76       640     0.418    0.9098    0.6551    0.2018   0.03187   0.04068  0.001936
    35/299       10G   0.05368   0.05148  0.002501    0.1077        85       640    0.1919    0.8934    0.3211   0.09417   0.04033   0.04776  0.001444
    36/299       10G   0.05075   0.05216  0.003676    0.1066        83       640    0.2497    0.9303     0.491    0.1703   0.03421    0.0447  0.001285
    37/299       10G   0.05128   0.04867  0.002483    0.1024        80       640    0.2054    0.9426    0.6075    0.2512   0.03565   0.04712  0.001116
    38/299       10G   0.05104   0.04931  0.002421    0.1028        90       640    0.3228    0.7131    0.5639    0.1937   0.03008   0.04605  0.001464
    39/299       10G    0.0497   0.05127  0.002261    0.1032        92       640    0.3091    0.9016    0.5905    0.2007   0.03166   0.04305  0.001614
    40/299       10G   0.04976   0.04972   0.00254     0.102        66       640    0.5728    0.8471    0.7167    0.3208   0.03171   0.04127  0.001597
    41/299       10G   0.04621    0.0533  0.002912    0.1024       109       640    0.3163    0.9426    0.5803    0.2628   0.02668   0.04149  0.001043
    42/299       10G   0.04818   0.04995  0.002484    0.1006        88       640     0.278    0.9754    0.7976    0.3486   0.02646   0.04315  0.000582
    43/299       10G   0.04802   0.04935  0.002201   0.09958        81       640     0.236    0.9386    0.4611   0.09322   0.03901   0.03773 0.0006074
    44/299       10G    0.0459   0.04955  0.001764    0.0972        70       640    0.2651    0.9754    0.8036    0.3226   0.02988   0.04209 0.0007047
    45/299       10G   0.04736   0.04963  0.001782   0.09878        67       640      0.37    0.9262      0.74     0.278   0.03033    0.0405 0.0009294
    46/299       10G   0.04627    0.0485  0.001959   0.09672        90       640    0.4129    0.9426    0.7723    0.3853   0.02508   0.04079 0.0008591
    47/299       10G   0.04627   0.04608  0.001925   0.09427        76       640    0.2984    0.7213    0.4224     0.174   0.03157   0.05161  0.001626
    48/299       10G   0.04431   0.04723  0.001526   0.09306        93       640    0.4977    0.7787    0.6838    0.2431   0.03053   0.04438  0.001106
    49/299       10G   0.04274   0.04952  0.001869   0.09414        97       640    0.3365    0.7459    0.5342    0.1953   0.03534   0.04616  0.001662
    50/299       10G   0.04376   0.05152  0.001772   0.09705        87       640    0.4977    0.8689    0.7064    0.3106   0.02709   0.04296   0.00129
    51/299       10G   0.04612    0.0474  0.001329   0.09485        85       640    0.4794    0.9262    0.7007    0.2755    0.0303   0.04201  0.001186
    52/299       10G   0.04489   0.04585  0.001806   0.09255        91       640    0.6055    0.9344    0.8808    0.4929   0.02214   0.03972 0.0009657
    53/299       10G   0.04032   0.04913  0.001364   0.09082        97       640    0.6073    0.9754    0.8949    0.4371   0.02379   0.03675   0.00103
    54/299       10G   0.04215   0.04953  0.001584   0.09326       103       640    0.5845    0.9426     0.879    0.4354   0.02217   0.03718   0.00101
    55/299       10G   0.04203   0.04975  0.001729   0.09351        87       640    0.6127    0.9003    0.7613    0.3222   0.02558   0.04338  0.001359
    56/299       10G   0.04052   0.04623  0.001709   0.08845        86       640    0.5431    0.8852     0.795    0.4299   0.02373    0.0428  0.001035
    57/299       10G   0.03993   0.04805  0.001138   0.08913       106       640    0.4365    0.9918    0.7743    0.3866   0.02258   0.04458 0.0008875
    58/299       10G   0.04073   0.04402  0.001604   0.08635        86       640    0.4655    0.9918    0.8199    0.3563   0.02443   0.04281  0.001052
    59/299       10G   0.04335   0.04478  0.001609   0.08974        77       640    0.5762    0.9262     0.804    0.4262   0.02379   0.04356  0.001012
    60/299       10G   0.04394   0.04454  0.001411   0.08989        72       640    0.4818    0.9563    0.8341    0.5017   0.02303   0.03862 0.0008534
    61/299       10G   0.03964     0.047  0.001337   0.08798        87       640    0.5151    0.9426    0.8557    0.3793   0.02869   0.03846 0.0008831
    62/299       10G   0.03886   0.04307  0.001257   0.08319        92       640    0.6395    0.8443    0.8688    0.3728   0.02665    0.0427  0.001076
    63/299       10G   0.03944   0.04469  0.001377    0.0855        75       640    0.5183    0.9918     0.928     0.549   0.02224   0.03242  0.000664
    64/299       10G   0.03684   0.04361    0.0012   0.08165        65       640    0.6311     0.959    0.9218    0.4151   0.02351    0.0337 0.0007072
    65/299       10G   0.04061   0.04504  0.001036   0.08669        81       640    0.5698    0.9918      0.92    0.5578   0.01966   0.03272 0.0006021
    66/299       10G   0.03932    0.0443   0.00125   0.08487       103       640   0.06884   0.03279   0.01562   0.00234   0.05691     0.052   0.01802
    67/299       10G   0.03743   0.04253 0.0009355    0.0809        88       640         0         0 0.0007842 0.0001089   0.05951   0.05748   0.01438
    68/299       10G   0.03868   0.04315  0.001165   0.08299        87       640  0.008777  0.008197   0.01394  0.004015   0.04995   0.06253   0.01749
    69/299       10G    0.0368   0.04333  0.001163   0.08129        75       640   0.02088  0.008197  0.009651  0.002292   0.04861   0.06226   0.02261
    70/299       10G   0.03526   0.04407  0.001275   0.08061        77       640    0.3931    0.4754     0.411    0.1877   0.02806   0.05498   0.01834
    71/299       10G   0.04029   0.04258  0.001229    0.0841        61       640   0.05118    0.1066   0.05214   0.01076   0.04494    0.0592   0.01398
    72/299       10G   0.04625   0.04775  0.001579   0.09558        76       640    0.3277    0.4918    0.2983   0.08828   0.03256   0.05484  0.003804
    73/299       10G     0.051   0.04144  0.001332   0.09377       113       640    0.1195   0.06557    0.1106   0.04313    0.0464   0.05993   0.02436
    74/299       10G   0.04754   0.04478  0.001568   0.09389        99       640    0.2257    0.3115    0.2024   0.04545    0.0619   0.04362   0.01785
    75/299       10G   0.04586   0.04145  0.001714   0.08903        85       640    0.3872     0.541    0.4264    0.2016   0.03625   0.05525  0.004013
    76/299       10G    0.0443   0.04508  0.001652   0.09103        87       640     0.266    0.1557   0.08812   0.01475   0.05362   0.05071  0.008609
    77/299       10G   0.04389   0.04355    0.0015   0.08894        86       640    0.4004    0.8895      0.61    0.2557   0.02865   0.04317  0.001668
    78/299       10G   0.04559    0.0399  0.001484   0.08697        85       640    0.5688    0.8597    0.6945    0.3151    0.0274   0.04472  0.001696
    79/299       10G   0.04222   0.04088  0.001448   0.08455        85       640    0.6236    0.9344    0.8927    0.4324    0.0292   0.03468  0.001082
    80/299       10G   0.04374   0.03821  0.001475   0.08342        79       640      0.63         1    0.9071    0.5561   0.02267   0.03198 0.0009157
    81/299       10G   0.03915   0.04421  0.001463   0.08482        98       640    0.4815    0.9836    0.9238    0.5175   0.02625   0.03437 0.0008439
    82/299       10G   0.03908   0.04119  0.001285   0.08156        75       640    0.7081    0.9269     0.913    0.4885   0.02183   0.03571   0.00113
    83/299       10G   0.04207   0.04315  0.001449   0.08667       100       640    0.5151    0.8852    0.7649    0.3675   0.02609   0.03892  0.001373
    84/299       10G   0.03731   0.04262  0.001471    0.0814        89       640    0.6199         1    0.9289    0.4326   0.02314   0.03065  0.001085
    85/299       10G   0.03866    0.0404  0.001378   0.08044        83       640    0.6655    0.7131    0.6911    0.2973   0.03055   0.04758  0.002607
    86/299       10G   0.03879   0.04179  0.001429   0.08201        92       640    0.7971    0.8934    0.9164    0.5509   0.01937   0.03802  0.001422
    87/299       10G   0.04092   0.03661  0.001477     0.079        60       640    0.6724    0.9262    0.8029    0.3608   0.02412   0.03516  0.001293
    88/299       10G   0.04263   0.03975  0.001402   0.08378        92       640    0.5915    0.9836    0.8794     0.452   0.02136   0.03171  0.000946
    89/299       10G   0.03791   0.03964  0.001418   0.07897        92       640    0.5163         1     0.894    0.4977   0.02273    0.0288 0.0006998
    90/299       10G   0.03623   0.04013  0.001264   0.07763        85       640    0.5963    0.7295    0.7344    0.3264   0.02546   0.04373  0.007734
    91/299       10G   0.03527    0.0422  0.001294   0.07877        72       640    0.3682    0.9262    0.7663    0.3062   0.02963   0.04029  0.003449
    92/299       10G   0.03661   0.04024  0.001349    0.0782        91       640    0.5041    0.9754    0.8776    0.4659   0.02264   0.03624  0.001536
    93/299       10G   0.03636   0.04256  0.001462   0.08038        90       640     0.558    0.9918    0.9329    0.4518   0.02467   0.03147   0.00151
    94/299       10G   0.04137   0.03798   0.00128   0.08063        76       640    0.6491         1    0.9438    0.5139   0.02408   0.02938  0.001056
    95/299       10G   0.03627   0.04063  0.001456   0.07835        80       640    0.6675         1    0.9535    0.6425   0.01863   0.02977 0.0009336
    96/299       10G   0.03451   0.03979  0.001059   0.07536        94       640    0.5795    0.8592     0.817    0.4224   0.02237   0.03922  0.004205
    97/299       10G   0.03718   0.03901  0.001036   0.07723        95       640     0.505    0.2618    0.3382    0.1676   0.02894   0.07301   0.01911
    98/299       10G   0.03667   0.04159   0.00119   0.07946        83       640    0.7515    0.9098    0.9234     0.565   0.01954   0.03596  0.001023
    99/299       10G   0.03773   0.03866  0.001111    0.0775        90       640    0.6167    0.9672    0.9114    0.4691   0.02509   0.03298 0.0009712
   100/299       10G   0.03469   0.03986   0.00109   0.07564        68       640    0.6873    0.9257     0.896     0.541   0.01964   0.03765 0.0008244
   101/299       10G    0.0319   0.03957 0.0008604   0.07233        86       640    0.6039    0.9836    0.9273    0.4425    0.0264   0.03268 0.0007448
   102/299       10G   0.03317   0.03731  0.001047   0.07152        80       640    0.8013    0.9508    0.9688    0.5986    0.0201   0.03391  0.001306
   103/299       10G   0.03355   0.03935  0.001093     0.074        89       640    0.6914    0.9918    0.9342    0.5411   0.01993   0.03593  0.001109
   104/299       10G   0.03392   0.03768   0.00109   0.07269        84       640    0.6742    0.9016    0.8716    0.4139   0.02556   0.03826  0.001126
   105/299       10G   0.03474   0.03472  0.001183   0.07064        84       640    0.6627    0.7951    0.7829    0.4395   0.02356   0.04756  0.002068
   106/299       10G   0.03223   0.03737   0.00122   0.07082       108       640    0.7207    0.9219    0.8888    0.5607   0.01852   0.03719 0.0008977
   107/299       10G   0.03127   0.03893    0.0012    0.0714        90       640    0.6901     0.959    0.9283    0.5962   0.01883   0.03407 0.0007217
   108/299       10G   0.03213   0.03717  0.001068   0.07037        84       640    0.7198    0.6596     0.729    0.3883   0.02247   0.05736  0.003266
   109/299       10G   0.03375   0.03629  0.001047   0.07108        69       640    0.5603    0.9098    0.8585    0.4404   0.02356   0.03856  0.002111
   110/299       10G   0.03358   0.03738  0.001011   0.07198        77       640    0.6744     0.735    0.7823    0.4312    0.0209   0.04958  0.002094
   111/299       10G   0.03499    0.0347  0.001121   0.07081        82       640    0.6897         1    0.9694    0.6164   0.01925   0.02541 0.0006957
   112/299       10G   0.03266   0.03474  0.001114   0.06852        75       640    0.5935    0.9672    0.8926    0.5377   0.01942   0.03163 0.0007552
   113/299       10G   0.03247   0.03698 0.0008532    0.0703        94       640    0.5581    0.9016     0.792    0.4239   0.02234   0.04147  0.002749
   114/299       10G   0.03116   0.03596 0.0008661   0.06799        81       640    0.6672    0.8934    0.8519    0.4612    0.0232   0.04214  0.003057
   115/299       10G   0.03411    0.0377  0.001301   0.07311        93       640    0.8212    0.8852    0.9221    0.5027   0.02038   0.03746  0.001725
   116/299       10G   0.03381    0.0351 0.0009722   0.06989        85       640    0.6043         1    0.9742    0.5451   0.02161   0.02813 0.0006872
   117/299       10G   0.03097   0.03609 0.0008962   0.06796        73       640    0.7005    0.9918    0.9814    0.5984   0.01885   0.02711 0.0007513
   118/299       10G   0.03133   0.03236  0.001166   0.06485        87       640    0.7257    0.7541    0.7809    0.4909   0.01899   0.04942  0.002136
   119/299       10G   0.03322   0.03396  0.001041   0.06822        74       640    0.6735    0.8443    0.7943    0.3884   0.02256   0.04293  0.001736
   120/299       10G   0.03251   0.03491  0.001062   0.06848       118       640    0.6659    0.9344    0.8968    0.5502   0.02016   0.03236 0.0009928
   121/299       10G   0.03191   0.03577  0.001131   0.06881        88       640    0.7341    0.8689    0.8536     0.507   0.01952   0.03994  0.001101
   122/299       10G   0.03066   0.03209  0.001032   0.06378        82       640    0.9132    0.3771    0.6022    0.2799   0.02688   0.07048  0.006486
   123/299       10G   0.03111   0.03411 0.0009294   0.06614        76       640     0.337    0.1018     0.203   0.07144   0.03734   0.09424    0.0181
   124/299       10G   0.03138   0.03591 0.0008716   0.06816        74       640    0.3796    0.2623    0.3329    0.1671    0.0269   0.08579   0.02624
   125/299       10G   0.02967   0.03367 0.0008636    0.0642        93       640    0.3445    0.3197    0.3262    0.1678   0.02524   0.07792   0.03578
   126/299       10G   0.03016   0.03354 0.0008544   0.06455        68       640    0.8718    0.8981     0.956    0.6685   0.01568   0.03253 0.0007091
   127/299       10G   0.03097    0.0358 0.0009602   0.06772        90       640    0.8397    0.3521    0.6171     0.345   0.02588   0.07171  0.006236
   128/299       10G   0.03062   0.03495  0.001042   0.06661        83       640    0.8071     0.595    0.7065     0.396   0.02441   0.05566  0.003771
   129/299       10G   0.02873   0.03686 0.0009207   0.06651        90       640       0.5   0.03686    0.2973    0.1452   0.03569   0.09857  0.004496
   130/299       10G   0.02915    0.0362  0.001051   0.06639        79       640    0.8925    0.2213     0.607    0.3568   0.02444   0.08539  0.003614
   131/299       10G   0.02801    0.0327  0.001144   0.06185        86       640    0.8405     0.541    0.7185    0.3778   0.02368   0.06239  0.005797
   132/299       10G   0.03052    0.0376 0.0009398   0.06905        96       640    0.7474    0.9672    0.9664    0.6477   0.01546   0.02838 0.0007431
   133/299       10G    0.0296   0.03299  0.001042   0.06364        81       640    0.9007    0.9013    0.9539    0.6329   0.01747   0.03576 0.0008041
   134/299       10G   0.02566   0.03266 0.0007974   0.05912        79       640    0.5873    0.9286    0.8244     0.456    0.0216   0.03618  0.003156
   135/299       10G   0.02948   0.03306 0.0009224   0.06346        90       640    0.7226         1     0.979    0.6342   0.01846   0.02473 0.0006508
   136/299       10G   0.02789   0.03317 0.0008711   0.06194        70       640    0.6186    0.7869    0.7918    0.4329   0.02362   0.04408  0.006396
   137/299       10G   0.02755   0.03265 0.0008322   0.06103        79       640    0.6101    0.9344    0.8837    0.5009   0.01967   0.03638  0.002299
   138/299       10G   0.02621   0.03166 0.0008378   0.05871        81       640    0.5207    0.2452    0.2832    0.1529   0.02721   0.08893   0.02358
   139/299       10G   0.02673   0.03406  0.000889   0.06168        62       640    0.5772    0.3279    0.3859    0.1933   0.02759   0.07831   0.01251
   140/299       10G   0.02801   0.03378 0.0009113    0.0627        90       640     0.711    0.7705    0.8127    0.4622   0.02078   0.04655  0.001648
   141/299       10G   0.03012   0.03372 0.0008722   0.06471        71       640    0.7786    0.9508     0.932    0.5792   0.01802   0.03143 0.0008076
   142/299       10G   0.02741   0.03187 0.0009443   0.06022        71       640    0.7743    0.9776    0.9293    0.5951    0.0177   0.03246 0.0007511
   143/299       10G    0.0283   0.03271 0.0008476   0.06186        83       640    0.7348    0.8033    0.8267    0.4882   0.02073   0.04596  0.001302
   144/299       10G   0.02791   0.03464 0.0009259   0.06347       103       640    0.6542    0.4772    0.5308     0.263   0.02725   0.06742  0.006855
   145/299       10G   0.02862   0.03195 0.0008325    0.0614        64       640    0.6023    0.9836    0.8966    0.5835   0.01758   0.03061 0.0007895
   146/299       10G   0.02847   0.03282 0.0007093   0.06199        87       640    0.6538         1    0.9709    0.7061   0.01505    0.0264 0.0007198
   147/299       10G   0.02531   0.03258 0.0007121    0.0586        99       640    0.7882         1    0.9861    0.7297   0.01357    0.0215 0.0005611
   148/299       10G   0.02694   0.03141 0.0006602   0.05902        83       640    0.7087    0.9918    0.9701    0.6413   0.01641   0.02615 0.0005192
   149/299       10G   0.02731   0.03024 0.0006806   0.05823        68       640    0.7954    0.9918     0.991    0.7002   0.01545   0.02102 0.0005405
   150/299       10G   0.02803   0.03234 0.0007188   0.06109       107       640    0.7067    0.9918    0.9607    0.6446   0.01596     0.025 0.0005651
   151/299       10G   0.02552   0.03057  0.000695   0.05679        95       640    0.7184    0.9918    0.9738    0.6257   0.01658   0.02671 0.0006643
   152/299       10G   0.02408   0.03074 0.0006636   0.05548        79       640    0.6707    0.6639    0.6724    0.3894   0.02144   0.06135  0.008399
   153/299       10G   0.02722   0.03198 0.0007449   0.05995        95       640    0.7576    0.9449    0.9177    0.6212   0.01612   0.03146 0.0006236
   154/299       10G   0.02661   0.03165 0.0006993   0.05896        83       640    0.7388    0.2738     0.491    0.2592   0.02499    0.0882   0.01646
   155/299       10G   0.02389   0.02933 0.0007487   0.05397        88       640    0.4188    0.2049    0.3719    0.1981   0.02743    0.0956   0.03145
   156/299       10G   0.02634   0.03177 0.0006047   0.05871        93       640    0.8317    0.9918     0.984    0.6532   0.01623   0.02368 0.0005149
   157/299       10G   0.02436   0.03173 0.0006419   0.05673       102       640    0.7807    0.9803    0.9457    0.6004   0.01807   0.03245   0.00055
   158/299       10G   0.02576   0.03005 0.0006424   0.05646        91       640     0.848         1    0.9859    0.7152   0.01383    0.0213 0.0006314
   159/299       10G   0.02302   0.03091 0.0006692   0.05459        79       640    0.7165    0.9016    0.8734    0.5003   0.02035   0.03867  0.001577
   160/299       10G   0.02433   0.02903 0.0007221   0.05408        83       640     0.823    0.9836    0.9748    0.6512   0.01613   0.02617  0.000557
   161/299       10G   0.02419   0.03132 0.0007112   0.05622        84       640    0.8223         1    0.9919    0.7341   0.01359   0.02196 0.0005518
   162/299       10G   0.02407   0.03044  0.000709   0.05522        88       640    0.7428         1    0.9812    0.7017   0.01457   0.02238 0.0004512
   163/299       10G   0.02318   0.03026 0.0005742   0.05402       100       640    0.8096         1    0.9907     0.756   0.01275      0.02  0.000432
   164/299       10G   0.02533   0.03012 0.0005881   0.05604        70       640    0.8336    0.9836    0.9768    0.6999   0.01521   0.02603 0.0004686
   165/299       10G   0.02589   0.02965 0.0005261   0.05606        93       640    0.7465    0.8852    0.8648    0.5597   0.01759     0.038  0.001101
   166/299       10G   0.02363   0.03008 0.0005494   0.05427        88       640    0.8716    0.9918    0.9922    0.7224   0.01408   0.02141 0.0003569
   167/299       10G   0.02444   0.02869  0.000469   0.05359        61       640    0.9451    0.9836    0.9885    0.7447   0.01301   0.02572 0.0003576
   168/299       10G     0.023   0.03059 0.0004641   0.05405        86       640    0.8019    0.9754    0.9795    0.7329   0.01375   0.02354 0.0003631
   169/299       10G   0.02496   0.03046 0.0005053   0.05592        82       640    0.8071    0.9426    0.9494    0.6509    0.0157   0.03011  0.000428
   170/299       10G   0.02427   0.02933 0.0005443   0.05414        84       640    0.8444    0.9935    0.9888    0.7367   0.01292   0.02158 0.0004945
   171/299       10G   0.02351   0.02995 0.0008145   0.05427        75       640    0.7769         1    0.9798    0.6317   0.01573   0.02269 0.0004857
   172/299       10G   0.02185    0.0288 0.0006285   0.05128        99       640    0.7477         1     0.991    0.7505   0.01288   0.02062 0.0005377
   173/299       10G   0.02256   0.02823 0.0006606   0.05145        95       640    0.8106         1    0.9947    0.7387   0.01319   0.01926 0.0005488
   174/299       10G   0.02246   0.02797 0.0005961   0.05103        74       640    0.6509         1    0.9891    0.7331   0.01387   0.02153 0.0005068
   175/299       10G   0.02155   0.02585 0.0005544   0.04795        80       640    0.7753         1    0.9888     0.747   0.01296   0.02014 0.0004688
   176/299       10G   0.02268   0.02938 0.0007364    0.0528        95       640    0.8651         1    0.9844    0.7478   0.01284   0.02087 0.0003969
   177/299       10G   0.02445    0.0298 0.0005464    0.0548        75       640    0.7175    0.8689    0.8815    0.5558   0.01901   0.03697  0.002677
   178/299       10G   0.02276   0.03042 0.0005261   0.05371        54       640    0.6837    0.9754    0.9545    0.6586   0.01485   0.02617  0.000446
   179/299       10G   0.02106   0.02595 0.0004269   0.04743        92       640    0.8522         1    0.9933    0.7828   0.01189   0.01868 0.0003268
   180/299       10G   0.02336   0.02828 0.0004131   0.05205        82       640    0.4402     0.418     0.413    0.2356   0.02429   0.08286   0.02639
   181/299       10G   0.02309   0.02883 0.0005099   0.05243        91       640    0.8336         1    0.9945    0.7538   0.01233   0.01949 0.0003359
   182/299       10G   0.02213   0.03005 0.0004688   0.05265        95       640    0.6583    0.9098    0.8477    0.5402   0.01704   0.03379  0.001106
   183/299       10G   0.02238   0.02794 0.0004408   0.05076        86       640    0.7649         1    0.9761    0.7273   0.01274   0.02235 0.0003228
   184/299       10G   0.02155   0.02898 0.0004442   0.05097        82       640    0.7757         1    0.9873    0.7268   0.01267   0.02036 0.0003096
   185/299       10G   0.02117   0.02827 0.0004607   0.04991       102       640    0.7926         1    0.9907    0.7684   0.01185   0.01894 0.0003411
   186/299       10G   0.02148   0.02867 0.0004631   0.05061        89       640    0.6181         1    0.9074    0.6575   0.01515   0.02792 0.0004548
   187/299       10G   0.02049    0.0281 0.0004828   0.04908        90       640    0.8096         1    0.9933    0.7042   0.01451   0.02042 0.0004169
   188/299       10G   0.01964   0.02732 0.0004537   0.04742        75       640    0.8763    0.9918    0.9943    0.7231   0.01332   0.02058 0.0003506
   189/299       10G   0.02146   0.02755 0.0004531   0.04947        94       640    0.8481         1    0.9944    0.6888   0.01516   0.01923 0.0003788
   190/299       10G   0.02069    0.0274 0.0004114   0.04851        70       640    0.7829         1    0.9847    0.7312   0.01233   0.02039 0.0003198
   191/299       10G   0.02051   0.02644 0.0004181   0.04737        78       640     0.838         1    0.9936    0.7407   0.01268   0.01909  0.000322
   192/299       10G   0.02296   0.02955 0.0004126   0.05292       102       640    0.7116    0.9344       0.9     0.627   0.01536   0.03241  0.001649
   193/299       10G   0.02206   0.02634 0.0004194   0.04882        87       640    0.7542    0.9918    0.9681    0.7041   0.01352   0.02345 0.0003035
   194/299       10G   0.02003    0.0247 0.0003796   0.04511        80       640    0.7337    0.8525    0.8642    0.5595   0.01701   0.04251  0.003198
   195/299       10G   0.02061   0.02765 0.0003954   0.04865        85       640    0.7666     0.903    0.9175    0.6361    0.0152   0.03352 0.0009418
   196/299       10G   0.01985   0.02781  0.000386   0.04805        67       640    0.8384    0.9508    0.9414    0.6424   0.01612   0.03134 0.0009822
   197/299       10G   0.02044    0.0275 0.0003803   0.04832        87       640    0.6444    0.5082    0.5661    0.3403   0.02268   0.07496   0.02472
   198/299       10G   0.01941   0.02776 0.0004951   0.04767        79       640    0.8039    0.9918    0.9672     0.667   0.01605   0.02584 0.0006674
   199/299       10G   0.02244   0.02851 0.0003981   0.05135        93       640      0.84    0.7623    0.8287    0.5314   0.01819   0.05144  0.006688
   200/299       10G   0.01924   0.02847 0.0003868   0.04809        89       640    0.7443    0.8279     0.844    0.5426   0.01747   0.04447  0.005136
   201/299       10G   0.02246   0.02727 0.0003935   0.05012        82       640    0.9181         1    0.9938    0.7641   0.01224   0.01787 0.0003222
   202/299       10G    0.0195   0.02617 0.0004067   0.04607        78       640    0.8959    0.9016    0.9626    0.6901   0.01409   0.03086 0.0004227
   203/299       10G   0.01893   0.02486 0.0003829   0.04417        73       640    0.9443    0.9754    0.9879    0.7771   0.01195   0.02133 0.0002647
   204/299       10G   0.01878   0.02519 0.0003684   0.04434        76       640    0.9222         1    0.9936    0.7664   0.01226    0.0187  0.000246
   205/299       10G   0.02018   0.02601 0.0003751   0.04656        94       640    0.9754    0.9657    0.9858    0.7443    0.0134     0.024 0.0002608
   206/299       10G   0.02105   0.02652 0.0003691   0.04794        74       640    0.6334    0.4262    0.4538    0.2908   0.02231   0.08724   0.01383
   207/299       10G   0.01911   0.02686 0.0003835   0.04635        89       640    0.8846         1     0.995    0.7711   0.01164   0.01724 0.0002899
   208/299       10G   0.01949   0.02606  0.000364   0.04591       100       640    0.8398         1     0.995    0.7899   0.01085   0.01687 0.0002868
   209/299       10G   0.01868   0.02627 0.0003668   0.04532        96       640    0.9075         1     0.995    0.7954   0.01076   0.01663 0.0002679
   210/299       10G   0.01876   0.02427  0.000441   0.04347        88       640    0.8936         1    0.9926    0.7888   0.01046    0.0178 0.0002672
   211/299       10G   0.01992   0.02684 0.0003622   0.04713        77       640    0.9057         1    0.9932    0.7686   0.01192   0.01858 0.0002707
   212/299       10G   0.02028   0.02521 0.0004303   0.04592        97       640    0.9034         1    0.9926    0.7844    0.0114    0.0187 0.0002417
   213/299       10G   0.01894   0.02672 0.0003095   0.04597        95       640    0.9293         1    0.9942    0.7687    0.0114   0.01838 0.0002298
   214/299       10G   0.01972   0.02505 0.0003277   0.04509        99       640    0.9094         1    0.9932    0.7966   0.01092    0.0185 0.0002379
   215/299       10G   0.01913   0.02639 0.0003533   0.04587        95       640    0.7964    0.9754    0.9478    0.7147   0.01301   0.02693  0.000363
   216/299       10G   0.01891    0.0256 0.0003302   0.04484        75       640    0.6877     0.615    0.6587    0.4137   0.02022   0.06191   0.01751
   217/299       10G   0.01915   0.02539 0.0003898   0.04493        82       640    0.6975    0.9508    0.9287    0.6881   0.01372   0.02977  0.001109
   218/299       10G   0.01844   0.02647 0.0003547   0.04526        84       640    0.7625    0.9918    0.9766    0.7422   0.01263   0.02232 0.0002162
   219/299       10G   0.01855   0.02393  0.000307   0.04278        82       640    0.6606    0.6337    0.6807    0.4641   0.01915   0.05918   0.01243
   220/299       10G   0.01887   0.02646 0.0003116   0.04564        80       640    0.7075    0.6885    0.7009    0.4608   0.01913   0.05812   0.01152
   221/299       10G   0.01858   0.02482 0.0003005    0.0437        75       640    0.8316         1     0.989    0.7684     0.012      0.02 0.0002188
   222/299       10G   0.01871   0.02506 0.0003613   0.04413        64       640    0.8654         1     0.994    0.7705   0.01174   0.01795 0.0002276
   223/299       10G   0.01855    0.0229 0.0003254   0.04177        85       640    0.8664         1    0.9935    0.7842   0.01127   0.01853 0.0002303
   224/299       10G   0.01753   0.02395 0.0003588   0.04185        88       640    0.7629         1    0.9821    0.7524   0.01213   0.02182 0.0002338
   225/299       10G   0.01766   0.02452 0.0002856   0.04247        90       640    0.8172         1    0.9907    0.7786   0.01152   0.02017 0.0002307
   226/299       10G   0.01869    0.0252  0.000333   0.04423        65       640    0.8147         1    0.9937    0.7942   0.01091   0.01875 0.0002148
   227/299       10G     0.018   0.02455 0.0003382   0.04289        85       640    0.8093         1    0.9935    0.8052   0.01063   0.01837 0.0002147
   228/299       10G   0.01799   0.02398 0.0002841   0.04225        78       640    0.8599         1     0.994    0.8123    0.0106   0.01744    0.0002
   229/299       10G   0.01679   0.02384 0.0002777   0.04091        71       640    0.7488    0.9836    0.9707    0.7197   0.01363   0.02324 0.0003134
   230/299       10G   0.01816   0.02325  0.000308   0.04172        79       640    0.8561    0.9754    0.9836     0.739   0.01285   0.02187 0.0002343
   231/299       10G   0.01792   0.02293 0.0002887   0.04114        93       640    0.9365    0.9918    0.9941    0.7987   0.01078   0.01749  0.000193
   232/299       10G   0.01799   0.02269 0.0002962   0.04097        86       640    0.9464    0.9672    0.9901    0.7792   0.01147   0.02159 0.0002075
   233/299       10G   0.01698   0.02419 0.0002584   0.04143        94       640    0.8604    0.9836    0.9899    0.7568   0.01236   0.02123  0.000203
   234/299       10G   0.01758   0.02357 0.0002573    0.0414        76       640      0.93    0.9918    0.9937    0.7764   0.01169   0.01892 0.0001967
   235/299       10G   0.01735   0.02544 0.0002533   0.04305        88       640    0.9289    0.9836    0.9934    0.7815   0.01155   0.01916 0.0001954
   236/299       10G   0.01705   0.02379 0.0002557    0.0411        78       640    0.8919         1    0.9939    0.8049   0.01033   0.01687 0.0001796
   237/299       10G   0.01787   0.02424 0.0002809   0.04239       108       640    0.8373    0.9836    0.9717     0.746   0.01282   0.02482 0.0002323
   238/299       10G   0.01703   0.02518 0.0002566   0.04246        88       640    0.9294         1    0.9938    0.7947   0.01111   0.01809 0.0001881
   239/299       10G   0.01708   0.02373 0.0002832    0.0411        69       640    0.8973         1    0.9932    0.7671   0.01185   0.01934 0.0001963
   240/299       10G   0.01644   0.02373 0.0002505   0.04042        96       640    0.8303    0.9508    0.9525    0.7112    0.0135   0.02861 0.0005251
   241/299       10G   0.01806   0.02191  0.000262   0.04024        81       640    0.8687    0.9918    0.9901    0.7501   0.01246   0.01976 0.0001805
   242/299       10G   0.01741   0.02199  0.000252   0.03966        85       640    0.9367         1    0.9944    0.7835    0.0112   0.01881  0.000172
   243/299       10G   0.01738   0.02284 0.0002665   0.04048        82       640    0.9045         1    0.9914    0.7972   0.01094   0.01878  0.000168
   244/299       10G   0.01768   0.02291 0.0003308   0.04093        76       640    0.8306    0.9672    0.9756    0.7344   0.01347   0.02415 0.0002343
   245/299       10G   0.01772   0.02491 0.0002416   0.04287        94       640     0.878         1    0.9858    0.7386   0.01336   0.02227 0.0001887
   246/299       10G   0.01831   0.02295 0.0002792   0.04154        78       640      0.97    0.9918    0.9942    0.8116   0.01009   0.01802 0.0001786
   247/299       10G   0.01647   0.02307  0.000226   0.03977        98       640    0.9284         1    0.9941    0.8001    0.0104   0.01779 0.0001763
   248/299       10G   0.01732   0.02432 0.0002899   0.04193        76       640    0.9171         1     0.995    0.8109    0.0101   0.01706 0.0001742
   249/299       10G   0.01641   0.02371 0.0002237   0.04035        87       640    0.9188         1    0.9947    0.8028   0.01047   0.01718 0.0001832
   250/299       10G   0.01642   0.02385 0.0002427   0.04051        92       640    0.9224         1    0.9948    0.8198  0.009917   0.01614 0.0001871
   251/299       10G   0.01667   0.02408 0.0002272   0.04097       110       640    0.9027         1    0.9948    0.8148  0.009719   0.01606 0.0001885
   252/299       10G   0.01664   0.02316   0.00025   0.04005       105       640    0.8875         1    0.9948    0.8135  0.009776   0.01651 0.0001835
   253/299       10G   0.01676   0.02257 0.0002287   0.03956        78       640    0.9047         1    0.9948    0.8064  0.009975    0.0169 0.0001796
   254/299       10G   0.01657   0.02217 0.0002295   0.03897        68       640    0.9351         1    0.9949    0.8067   0.01032   0.01721 0.0001803
   255/299       10G   0.01627   0.02311 0.0002613   0.03964        62       640    0.8176    0.9836    0.9761    0.7651   0.01154   0.02255 0.0001677
   256/299       10G   0.01614   0.02352 0.0002192   0.03988        88       640     0.878         1    0.9931    0.8056    0.0103   0.01787 0.0001634
   257/299       10G   0.01659   0.02277 0.0002254   0.03959        86       640    0.9205         1    0.9941    0.8084   0.01011   0.01749 0.0001664
   258/299       10G   0.01651   0.02235 0.0002188   0.03908        73       640     0.813     0.918     0.942    0.6786   0.01402   0.03273 0.0009575
   259/299       10G   0.01578   0.02154  0.000209   0.03753        87       640    0.8323         1    0.9866    0.7723   0.01153   0.02065 0.0001679
   260/299       10G   0.01578   0.02247 0.0002353   0.03849        90       640     0.853         1    0.9943    0.8053   0.01017   0.01705 0.0001607
   261/299       10G   0.01647   0.02188   0.00024   0.03859        70       640     0.882         1    0.9944    0.8179  0.009631   0.01642  0.000162
   262/299       10G   0.01652   0.02281 0.0003389   0.03967        70       640    0.9395         1    0.9947    0.8014   0.01032   0.01722 0.0001651
   263/299       10G   0.01643   0.02432  0.000204   0.04096       102       640    0.9492         1    0.9946    0.8216  0.009932   0.01637 0.0001643
   264/299       10G   0.01629   0.02219 0.0002223    0.0387        83       640    0.9529         1     0.994    0.8146  0.009945    0.0168 0.0001565
   265/299       10G   0.01685   0.02263 0.0002303   0.03971        70       640    0.9473         1    0.9943    0.7968   0.01035   0.01748 0.0001585
   266/299       10G   0.01578   0.02307 0.0001925   0.03904        98       640    0.9397    0.9918    0.9945    0.7803   0.01121   0.01822 0.0001561
   267/299       10G   0.01606   0.02338 0.0001996   0.03964        99       640    0.9334         1    0.9948    0.8086      0.01   0.01671 0.0001484
   268/299       10G   0.01529   0.02369  0.000207   0.03919        76       640    0.8918         1    0.9947    0.8115   0.01017   0.01705 0.0001421
   269/299       10G   0.01576   0.02431 0.0001945   0.04026       108       640    0.9275         1    0.9945    0.8251  0.009414   0.01573  0.000138
   270/299       10G   0.01586   0.02327 0.0001891   0.03932        92       640    0.9341    0.9918    0.9943    0.7985    0.0107   0.01758 0.0001457
   271/299       10G   0.01629    0.0221 0.0002101    0.0386        93       640    0.8982         1    0.9941    0.7902   0.01123   0.01849 0.0001437
   272/299       10G   0.01589   0.02099 0.0002128   0.03709        82       640    0.9189    0.9918    0.9943    0.8166   0.01008   0.01671 0.0001388
   273/299       10G   0.01575   0.02207 0.0002076   0.03803        83       640     0.908    0.9968    0.9939    0.8062   0.01027   0.01733 0.0001381
   274/299       10G   0.01657   0.02153 0.0002032    0.0383        83       640    0.9002         1    0.9923    0.7637   0.01204   0.01899 0.0001495
   275/299       10G    0.0156   0.02247 0.0001968   0.03827        93       640    0.9363    0.9981    0.9946    0.8048   0.01048   0.01711 0.0001516
   276/299       10G   0.01561   0.02172 0.0001914   0.03752        84       640     0.953    0.9918    0.9946    0.8196   0.01009   0.01685 0.0001545
   277/299       10G   0.01554   0.02237 0.0001773   0.03808        77       640    0.9536    0.9861    0.9945    0.8056   0.01043   0.01769 0.0001544
   278/299       10G   0.01605   0.02114 0.0001897   0.03739        67       640    0.9627    0.9918    0.9946    0.8159  0.009758   0.01688 0.0001391
   279/299       10G   0.01532   0.02136 0.0002141    0.0369        77       640    0.9519    0.9918    0.9944    0.8205  0.009871   0.01699 0.0001349
   280/299       10G   0.01614   0.02276 0.0002475   0.03915        71       640    0.8961         1    0.9942    0.8217  0.009774   0.01647  0.000133
   281/299       10G   0.01545   0.02179 0.0002151   0.03746        66       640    0.8661         1    0.9938    0.8279  0.009686   0.01672 0.0001368
   282/299       10G   0.01547   0.02217 0.0001749   0.03782        91       640    0.9131         1    0.9946      0.82  0.009568   0.01631 0.0001342
   283/299       10G   0.01544   0.02116 0.0001831   0.03679        70       640    0.9446         1    0.9948     0.812  0.009821   0.01663   0.00013
   284/299       10G   0.01494   0.02125  0.000189   0.03638        82       640    0.9459    0.9937    0.9948    0.8107  0.009882   0.01687 0.0001301
   285/299       10G   0.01565   0.02187 0.0001701   0.03769        87       640    0.9402         1    0.9946    0.8233  0.009779   0.01662 0.0001286
   286/299       10G   0.01583   0.02227  0.000185   0.03828        76       640     0.951         1    0.9941     0.827  0.009575   0.01621  0.000128
   287/299       10G   0.01609   0.02241 0.0002273   0.03873        87       640    0.9688    0.9999    0.9944    0.8266   0.00932   0.01605 0.0001298
   288/299       10G   0.01526   0.02201 0.0001823   0.03745        85       640    0.9458         1    0.9945    0.8123  0.009744   0.01733  0.000138
   289/299       10G   0.01547   0.02189 0.0001917   0.03755        93       640    0.9448         1    0.9934    0.7891   0.01076   0.01953 0.0001414
   290/299       10G   0.01562   0.02233 0.0001762   0.03813        87       640    0.9568         1    0.9947    0.8237  0.009627   0.01625 0.0001338
   291/299       10G   0.01607   0.02241 0.0001981   0.03868        79       640     0.947         1    0.9946    0.8083  0.009903     0.016 0.0001305
   292/299       10G   0.01569    0.0232 0.0001807   0.03907       101       640    0.9499         1    0.9945    0.8243  0.009386   0.01539 0.0001251
   293/299       10G    0.0158   0.02198  0.000217     0.038        83       640    0.9436         1    0.9944    0.8204  0.009677   0.01653 0.0001277
   294/299       10G   0.01473     0.019 0.0001629   0.03389        83       640    0.9124    0.9484    0.9815     0.771   0.01141   0.02514 0.0001461
   295/299       10G   0.01559   0.02137 0.0001875   0.03715        91       640    0.9328    0.9918    0.9932    0.8186   0.01005   0.01859 0.0001352
   296/299       10G    0.0157   0.02089  0.000206    0.0368        89       640     0.939         1    0.9948    0.8126  0.009882    0.0162 0.0001239
   297/299       10G   0.01521   0.02273    0.0002   0.03814        82       640    0.9417         1    0.9948    0.8032    0.0103   0.01648  0.000121
   298/299       10G   0.01512   0.02084 0.0001712   0.03613        74       640    0.9469         1    0.9946    0.8129  0.009828   0.01596 0.0001215
   299/299       10G   0.01531   0.02165  0.000252   0.03721        77       640    0.9596         1    0.9945    0.8201  0.009708   0.01622 0.0001238
